2013   9   3       0.200       1.300       0.000       0.000       6.709      10.407
2013   9   6       0.200       0.000       0.000       0.000      10.729      10.022
2013   9   9       0.201       8.542       0.000       0.043       7.787      10.294
2013   9  12       0.215       5.785       0.003       0.351       2.073       9.084
2013   9  15       0.205       3.367       0.001       0.083       3.703       7.592
2013   9  18       0.298       9.692       0.015       1.942       0.612       7.137
2013   9  21       0.210       2.541       0.001       0.117       3.237       6.600
2013   9  24       0.200       0.000       0.000       0.000       3.453       6.257
2013   9  27       0.200       0.200       0.000       0.000       4.288       6.054
2013   9  30       0.200       4.100       0.000       0.008       6.123       6.584
2013  10   3       0.200       0.300       0.000       0.000       4.265       6.544
2013  10   6       0.200       4.500       0.000       0.000       5.307       6.512
2013  10   9       0.200       1.700       0.000       0.000       4.609       6.496
2013  10  12       0.614       0.800       0.102      10.977      -7.205       6.018
2013  10  15       0.676       0.000       0.133      17.394      -4.616       5.834
2013  10  18       0.667       0.000       0.124      21.011      -8.655       5.855
2013  10  21       0.600       3.271       0.096      21.024      -4.442       5.704
2013  10  24       0.342      28.257       0.029       7.226       0.718       5.324
2013  10  27       0.200       0.700       0.000       0.000       3.543       5.057
2013  10  30       0.297       1.638       0.019       2.422       0.133       5.075
2013  11   2       0.266       6.092       0.012       1.796      -0.035       4.840
2013  11   5       0.444       0.942       0.049       6.261      -6.082       4.403
2013  11   8       0.617       0.000       0.095      13.552      -5.823       4.317
2013  11  11       0.731       0.000       0.158      23.702     -10.554       4.389
2013  11  14       0.740       0.000       0.172      27.639     -15.111       4.459
2013  11  17       0.754       0.000       0.192      31.558     -12.308       4.364
2013  11  20       0.747       0.000       0.187      32.721      -7.604       4.267
2013  11  23       0.767       0.000       0.227      38.531     -15.086       4.185
2013  11  26       0.774       0.000       0.251      43.137     -15.443       4.082
2013  11  29       0.769       0.000       0.242      44.418     -24.544       3.961
2013  12   2       0.763       0.000       0.234      45.250     -25.830       3.683
2013  12   5       0.753       0.000       0.220      45.321     -28.152       3.225
2013  12   8       0.751       0.000       0.220      46.485     -18.799       2.656
2013  12  11       0.743       0.000       0.212      46.676     -21.609       2.237
2013  12  14       0.734       0.000       0.204      46.705     -23.775       1.896
2013  12  17       0.728       0.000       0.199      46.978     -21.247       1.627
2013  12  20       0.724       0.000       0.199      47.595     -12.974       1.368
2013  12  23       0.729       0.000       0.206      48.946      -9.096       1.157
2013  12  26       0.747       0.000       0.265      55.529      -5.553       1.074
2013  12  29       0.787       0.000       0.376      69.070     -16.292       1.078
2014   1   1       0.784       0.000       0.379      72.326     -26.278       1.108
2014   1   4       0.780       0.000       0.374      74.331     -10.767       1.120
2014   1   7       0.788       0.000       0.436      83.380     -15.612       1.117
2014   1  10       0.782       0.000       0.416      84.184     -12.857       1.126
2014   1  13       0.777       0.000       0.403      85.215     -19.075       1.192
2014   1  16       0.784       0.000       0.446      91.805     -12.981       1.234
2014   1  19       0.783       0.000       0.461      95.973      -7.201       1.267
2014   1  22       0.781       0.000       0.465      98.846     -14.224       1.326
2014   1  25       0.778       0.000       0.461     100.819     -20.223       1.385
2014   1  28       0.781       0.000       0.483     105.260     -20.216       1.389
2014   1  31       0.780       0.000       0.493     108.597     -14.531       1.341
2014   2   3       0.785       0.000       0.533     115.067      -7.010       1.226
2014   2   6       0.785       0.000       0.552     119.837     -12.163       1.191
2014   2   9       0.785       0.000       0.573     124.799     -13.940       1.235
2014   2  12       0.786       0.000       0.597     130.209     -18.650       1.291
2014   2  15       0.783       0.000       0.598     133.252     -14.663       1.331
2014   2  18       0.789       0.000       0.651     141.549     -11.321       1.343
2014   2  21       0.788       0.000       0.675     147.486     -13.996       1.356
2014   2  24       0.785       0.000       0.674     150.651     -25.226       1.377
2014   2  27       0.780       0.000       0.653     151.339     -18.611       1.384
2014   3   2       0.779       0.000       0.658     154.260     -13.567       1.356
2014   3   5       0.779       0.000       0.664     157.312     -11.634       1.310
2014   3   8       0.776       0.000       0.663     159.580     -19.895       1.268
2014   3  11       0.770       0.000       0.644     159.586     -22.575       1.230
2014   3  14       0.764       0.000       0.628     159.587     -19.816       1.169
2014   3  17       0.760       0.000       0.625     160.691     -10.522       1.075
2014   3  20       0.756       0.000       0.620     161.499     -14.950       0.979
2014   3  23       0.758       0.000       0.652     165.931      -8.653       0.901
2014   3  26       0.786       0.000       0.754     178.604     -18.442       0.858
2014   3  29       0.779       0.000       0.731     178.896     -17.208       0.856
2014   4   1       0.773       0.000       0.710     178.902     -14.822       0.853
2014   4   4       0.761       0.000       0.692     178.905      -9.386       0.835
2014   4   7       0.747       0.000       0.683     180.216      -5.046       0.810
2014   4  10       0.748       0.000       0.692     183.671      -8.003       0.805
2014   4  13       0.740       0.000       0.686     185.076      -6.958       0.830
2014   4  16       0.736       0.000       0.689     187.697      -8.893       0.865
2014   4  19       0.741       0.000       0.700     189.622     -11.365       0.906
2014   4  22       0.742       0.000       0.711     192.593      -5.458       0.925
2014   4  25       0.723       0.000       0.690     194.433      -4.464       0.933
2014   4  28       0.728       0.000       0.690     198.507      -2.336       0.956
2014   5   1       0.755       0.000       0.718     206.948      -3.610       1.033
2014   5   4       0.762       0.000       0.708     214.699      -4.262       1.127
2014   5   7       0.754       0.000       0.670     217.062      -5.618       1.197
2014   5  10       0.740       0.000       0.638     221.069      -3.365       1.237
2014   5  13       0.749       0.000       0.641     227.651      -4.792       1.252
2014   5  16       0.769       0.000       0.681     234.969      -5.784       1.257
2014   5  19       0.758       0.706       0.653     236.166      -4.275       1.261
2014   5  22       0.730      11.230       0.598     232.244      -0.774       1.251
2014   5  25       0.696       9.948       0.548     221.392      -2.003       1.225
2014   5  28       0.689      11.013       0.521     215.998      -1.145       1.188
2014   5  31       0.682       9.348       0.495     209.311      -1.958       1.155
2014   6   3       0.666       7.553       0.464     203.711      -2.746       1.151
2014   6   6       0.656      12.285       0.436     196.700      -1.360       1.145
2014   6   9       0.640      14.809       0.402     184.910      -0.780       1.131
2014   6  12       0.622      18.403       0.361     168.764      -0.620       1.107
2014   6  15       0.601      19.236       0.319     150.388      -0.399       1.074
2014   6  18       0.586      17.558       0.283     135.286      -0.940       1.034
2014   6  21       0.572      16.188       0.250     121.739      -0.832       0.988
2014   6  24       0.557      20.426       0.215     106.370      -0.586       0.939
2014   6  27       0.534      21.822       0.174      87.139      -0.990       0.894
2014   6  30       0.558      22.271       0.156      71.585      -0.983       0.853
2014   7   3       0.588      17.177       0.151      63.649      -1.401       0.823
2014   7   6       0.516      24.071       0.101      43.962      -0.529       0.793
2014   7   9       0.470      23.041       0.070      24.787      -0.355       0.751
2014   7  12       0.366      27.087       0.042      12.049       0.552       0.742
2014   7  15       0.200       2.400       0.000       0.000       8.134       1.850
2014   7  18       0.200       0.200       0.000       0.000      10.597       4.059
2014   7  21       0.200       5.400       0.000       0.000      10.375       5.751
2014   7  24       0.200       9.800       0.000       0.000       8.533       6.059
2014   7  27       0.200       6.800       0.000       0.000       7.303       6.185
2014   7  30       0.200       7.700       0.000       0.000       8.449       6.152
2014   8   2       0.200       2.300       0.000       0.000       9.719       6.350
2014   8   5       0.200       2.500       0.000       0.000       9.059       6.870
2014   8   8       0.200       0.200       0.000       0.000       9.147       6.881
2014   8  11       0.200       6.800       0.000       0.000      10.643       7.392
2014   8  14       0.200      17.200       0.000       0.004       6.038       7.349
2014   8  17       0.202       2.200       0.000       0.033       3.027       5.933
2014   8  20       0.200       4.000       0.000       0.000       5.882       5.369
2014   8  23       0.201       3.800       0.000       0.021       4.930       5.331
2014   8  26       0.201       3.400       0.000       0.008       4.200       4.858
2014   8  29       0.200       2.300       0.000       0.000       6.793       4.956
